(kicad_pcb (version 20171130) (host pcbnew 5.0.2-bee76a0~70~ubuntu18.04.1)

  (general
    (thickness 1.6)
    (drawings 22)
    (tracks 815)
    (zones 0)
    (modules 43)
    (nets 70)
  )

  (page A4)
  (layers
    (0 F.Cu signal)
    (1 In1.Cu-P signal)
    (2 In2.Cu-G signal)
    (31 B.Cu signal)
    (32 B.Adhes user)
    (33 F.Adhes user)
    (34 B.Paste user)
    (35 F.Paste user)
    (36 B.SilkS user)
    (37 F.SilkS user)
    (38 B.Mask user)
    (39 F.Mask user)
    (40 Dwgs.User user)
    (41 Cmts.User user)
    (42 Eco1.User user)
    (43 Eco2.User user)
    (44 Edge.Cuts user)
    (45 Margin user)
    (46 B.CrtYd user)
    (47 F.CrtYd user)
    (48 B.Fab user hide)
    (49 F.Fab user hide)
  )

  (setup
    (last_trace_width 0.1524)
    (user_trace_width 0.2)
    (user_trace_width 0.25)
    (user_trace_width 0.3)
    (user_trace_width 0.5)
    (user_trace_width 0.75)
    (user_trace_width 1)
    (trace_clearance 0.1524)
    (zone_clearance 0.508)
    (zone_45_only no)
    (trace_min 0.1524)
    (segment_width 0.2)
    (edge_width 0.1)
    (via_size 0.6858)
    (via_drill 0.3302)
    (via_min_size 0.6858)
    (via_min_drill 0.3302)
    (uvia_size 0.6858)
    (uvia_drill 0.3302)
    (uvias_allowed no)
    (uvia_min_size 0.2)
    (uvia_min_drill 0.1)
    (pcb_text_width 0.3)
    (pcb_text_size 1.5 1.5)
    (mod_edge_width 0.15)
    (mod_text_size 1 1)
    (mod_text_width 0.15)
    (pad_size 1.524 1.524)
    (pad_drill 0.762)
    (pad_to_mask_clearance 0.0508)
    (solder_mask_min_width 0.25)
    (aux_axis_origin 0 0)
    (visible_elements 7FFFFFFF)
    (pcbplotparams
      (layerselection 0x010fc_ffffffff)
      (usegerberextensions false)
      (usegerberattributes false)
      (usegerberadvancedattributes false)
      (creategerberjobfile false)
      (excludeedgelayer true)
      (linewidth 0.100000)
      (plotframeref false)
      (viasonmask false)
      (mode 1)
      (useauxorigin false)
      (hpglpennumber 1)
      (hpglpenspeed 20)
      (hpglpendiameter 15.000000)
      (psnegative false)
      (psa4output false)
      (plotreference true)
      (plotvalue true)
      (plotinvisibletext false)
      (padsonsilk false)
      (subtractmaskfromsilk false)
      (outputformat 1)
      (mirror false)
      (drillshape 1)
      (scaleselection 1)
      (outputdirectory ""))
  )

  (net 0 "")
  (net 1 GND)
  (net 2 +3V3)
  (net 3 /LEDS_MOSI)
  (net 4 /LEDS_SCK)
  (net 5 "Net-(U102-Pad5)")
  (net 6 "Net-(U102-Pad6)")
  (net 7 "Net-(U105-Pad6)")
  (net 8 "Net-(U105-Pad5)")
  (net 9 /ENC_1_A)
  (net 10 /ENC_1_B)
  (net 11 /ENC_2_A)
  (net 12 /ENC_2_B)
  (net 13 /ENC_3_A)
  (net 14 /ENC_3_B)
  (net 15 /ENC_4_A)
  (net 16 /ENC_4_B)
  (net 17 "Net-(D101-Pad1)")
  (net 18 /I2C1_SCL)
  (net 19 /I2C1_SDA)
  (net 20 /BTN_INT)
  (net 21 /BTN_BIG_MID)
  (net 22 /Buttons/BTN_PAIR_1_A)
  (net 23 /Buttons/BTN_PAIR_1_B)
  (net 24 /Buttons/BTN_PAIR_2_SIDE)
  (net 25 /Buttons/BTN_PAIR_2_TOP)
  (net 26 /Buttons/BTN_PAIR_3_A)
  (net 27 /Buttons/BTN_PAIR_3_B)
  (net 28 /Buttons/BTN_PAIR_4_A)
  (net 29 /Buttons/BTN_PAIR_4_B)
  (net 30 /Buttons/BTN_PAIR_5_SIDE)
  (net 31 /Buttons/BTN_PAIR_5_TOP)
  (net 32 /Buttons/BTN_PAIR_6_A)
  (net 33 /Buttons/BTN_PAIR_6_B)
  (net 34 /ENC_4_SW)
  (net 35 /ENC_3_SW)
  (net 36 /ENC_2_SW)
  (net 37 /ENC_1_SW)
  (net 38 "Net-(U101-Pad39)")
  (net 39 "Net-(U101-Pad38)")
  (net 40 "Net-(U101-Pad2)")
  (net 41 "Net-(U101-Pad3)")
  (net 42 "Net-(U101-Pad5)")
  (net 43 "Net-(U101-Pad37)")
  (net 44 "Net-(U101-Pad36)")
  (net 45 "Net-(U101-Pad35)")
  (net 46 "Net-(U101-Pad34)")
  (net 47 "Net-(U101-Pad33)")
  (net 48 "Net-(U101-Pad15)")
  (net 49 "Net-(U101-Pad16)")
  (net 50 "Net-(U101-Pad19)")
  (net 51 "Net-(U101-Pad18)")
  (net 52 "Net-(U108-Pad5)")
  (net 53 "Net-(U108-Pad6)")
  (net 54 "Net-(U201-Pad16)")
  (net 55 "Net-(RN101-Pad3)")
  (net 56 "Net-(RN101-Pad1)")
  (net 57 "Net-(RN102-Pad1)")
  (net 58 "Net-(RN102-Pad3)")
  (net 59 "Net-(RN103-Pad3)")
  (net 60 "Net-(RN103-Pad1)")
  (net 61 "Net-(RN104-Pad1)")
  (net 62 "Net-(RN104-Pad3)")
  (net 63 "Net-(U101-Pad28)")
  (net 64 "Net-(U101-Pad27)")
  (net 65 "Net-(D201-Pad1)")
  (net 66 /LED_ALIVE)
  (net 67 /Buttons/LED_STATUS)
  (net 68 "Net-(U201-Pad14)")
  (net 69 "Net-(U201-Pad15)")

  (net_class Default "This is the default net class."
    (clearance 0.1524)
    (trace_width 0.1524)
    (via_dia 0.6858)
    (via_drill 0.3302)
    (uvia_dia 0.6858)
    (uvia_drill 0.3302)
    (add_net +3V3)
    (add_net /BTN_BIG_MID)
    (add_net /BTN_INT)
    (add_net /Buttons/BTN_PAIR_1_A)
    (add_net /Buttons/BTN_PAIR_1_B)
    (add_net /Buttons/BTN_PAIR_2_SIDE)
    (add_net /Buttons/BTN_PAIR_2_TOP)
    (add_net /Buttons/BTN_PAIR_3_A)
    (add_net /Buttons/BTN_PAIR_3_B)
    (add_net /Buttons/BTN_PAIR_4_A)
    (add_net /Buttons/BTN_PAIR_4_B)
    (add_net /Buttons/BTN_PAIR_5_SIDE)
    (add_net /Buttons/BTN_PAIR_5_TOP)
    (add_net /Buttons/BTN_PAIR_6_A)
    (add_net /Buttons/BTN_PAIR_6_B)
    (add_net /Buttons/LED_STATUS)
    (add_net /ENC_1_A)
    (add_net /ENC_1_B)
    (add_net /ENC_1_SW)
    (add_net /ENC_2_A)
    (add_net /ENC_2_B)
    (add_net /ENC_2_SW)
    (add_net /ENC_3_A)
    (add_net /ENC_3_B)
    (add_net /ENC_3_SW)
    (add_net /ENC_4_A)
    (add_net /ENC_4_B)
    (add_net /ENC_4_SW)
    (add_net /I2C1_SCL)
    (add_net /I2C1_SDA)
    (add_net /LEDS_MOSI)
    (add_net /LEDS_SCK)
    (add_net /LED_ALIVE)
    (add_net GND)
    (add_net "Net-(D101-Pad1)")
    (add_net "Net-(D201-Pad1)")
    (add_net "Net-(RN101-Pad1)")
    (add_net "Net-(RN101-Pad3)")
    (add_net "Net-(RN102-Pad1)")
    (add_net "Net-(RN102-Pad3)")
    (add_net "Net-(RN103-Pad1)")
    (add_net "Net-(RN103-Pad3)")
    (add_net "Net-(RN104-Pad1)")
    (add_net "Net-(RN104-Pad3)")
    (add_net "Net-(U101-Pad15)")
    (add_net "Net-(U101-Pad16)")
    (add_net "Net-(U101-Pad18)")
    (add_net "Net-(U101-Pad19)")
    (add_net "Net-(U101-Pad2)")
    (add_net "Net-(U101-Pad27)")
    (add_net "Net-(U101-Pad28)")
    (add_net "Net-(U101-Pad3)")
    (add_net "Net-(U101-Pad33)")
    (add_net "Net-(U101-Pad34)")
    (add_net "Net-(U101-Pad35)")
    (add_net "Net-(U101-Pad36)")
    (add_net "Net-(U101-Pad37)")
    (add_net "Net-(U101-Pad38)")
    (add_net "Net-(U101-Pad39)")
    (add_net "Net-(U101-Pad5)")
    (add_net "Net-(U102-Pad5)")
    (add_net "Net-(U102-Pad6)")
    (add_net "Net-(U105-Pad5)")
    (add_net "Net-(U105-Pad6)")
    (add_net "Net-(U108-Pad5)")
    (add_net "Net-(U108-Pad6)")
    (add_net "Net-(U201-Pad14)")
    (add_net "Net-(U201-Pad15)")
    (add_net "Net-(U201-Pad16)")
  )

  (module "Borgel Custom:LED-5050" (layer B.Cu) (tedit 58C5AD0D) (tstamp 5C0CBEB8)
    (at 117.92 167.272195 135)
    (path /5C03640D)
    (fp_text reference U108 (at -1.631865 -3.640048 -45) (layer B.SilkS)
      (effects (font (size 0.7 0.7) (thickness 0.15)) (justify mirror))
    )
    (fp_text value APA102_5050 (at -0.1 -3.9 -45) (layer B.Fab) hide
      (effects (font (size 1 1) (thickness 0.15)) (justify mirror))
    )
    (fp_circle (center 3.7 -3.2) (end 3.6 -3.1) (layer B.SilkS) (width 0.15))
    (fp_line (start 2.702407 2.962651) (end -2.797593 2.962651) (layer B.SilkS) (width 0.15))
    (fp_circle (center 2.402407 -1.987349) (end 2.402407 -1.687349) (layer B.Fab) (width 0.6))
    (fp_text user %R (at -0.047593 -0.037349 -45) (layer B.Fab)
      (effects (font (size 1.5 1.5) (thickness 0.15)) (justify mirror))
    )
    (fp_line (start 3.452407 -3.037349) (end -3.547593 -3.037349) (layer B.CrtYd) (width 0.05))
    (fp_line (start 3.452407 2.962651) (end 3.452407 -3.037349) (layer B.CrtYd) (width 0.05))
    (fp_line (start -3.547593 2.962651) (end 3.452407 2.962651) (layer B.CrtYd) (width 0.05))
    (fp_line (start -3.547593 -3.037349) (end -3.547593 2.962651) (layer B.CrtYd) (width 0.05))
    (fp_line (start 3.452407 -3.037349) (end -3.547593 -3.037349) (layer B.Fab) (width 0.1))
    (fp_line (start 3.452407 2.962651) (end 3.452407 -3.037349) (layer B.Fab) (width 0.1))
    (fp_line (start -3.547593 2.962651) (end 3.452407 2.962651) (layer B.Fab) (width 0.1))
    (fp_line (start -3.547593 -3.037349) (end -3.547593 2.962651) (layer B.Fab) (width 0.1))
    (fp_line (start 2.702407 -3.037349) (end -2.797593 -3.037349) (layer B.SilkS) (width 0.15))
    (pad 1 smd rect (at 1.952407 -1.737349 45) (size 1.6 2.2) (layers B.Cu B.Paste B.Mask)
      (net 7 "Net-(U105-Pad6)"))
    (pad 2 smd rect (at 1.952407 -0.037349 45) (size 1.2 2.2) (layers B.Cu B.Paste B.Mask)
      (net 8 "Net-(U105-Pad5)"))
    (pad 3 smd rect (at 1.952407 1.662651 45) (size 1.6 2.2) (layers B.Cu B.Paste B.Mask)
      (net 1 GND))
    (pad 4 smd rect (at -2.047593 1.662651 45) (size 1.6 2.2) (layers B.Cu B.Paste B.Mask)
      (net 2 +3V3))
    (pad 5 smd rect (at -2.047593 -0.037349 45) (size 1.2 2.2) (layers B.Cu B.Paste B.Mask)
      (net 52 "Net-(U108-Pad5)"))
    (pad 6 smd rect (at -2.047593 -1.737349 45) (size 1.6 2.2) (layers B.Cu B.Paste B.Mask)
      (net 53 "Net-(U108-Pad6)"))
  )

  (module "Borgel Custom:LED-5050" (layer B.Cu) (tedit 58C5AD0D) (tstamp 5C0CBE73)
    (at 112.09 118.12 45)
    (path /5C0363BB)
    (fp_text reference U105 (at -0.197593 3.612651 -135) (layer B.SilkS)
      (effects (font (size 0.7 0.7) (thickness 0.15)) (justify mirror))
    )
    (fp_text value APA102_5050 (at -0.1 -3.9 -135) (layer B.Fab) hide
      (effects (font (size 1 1) (thickness 0.15)) (justify mirror))
    )
    (fp_line (start 2.702407 -3.037349) (end -2.797593 -3.037349) (layer B.SilkS) (width 0.15))
    (fp_line (start -3.547593 -3.037349) (end -3.547593 2.962651) (layer B.Fab) (width 0.1))
    (fp_line (start -3.547593 2.962651) (end 3.452407 2.962651) (layer B.Fab) (width 0.1))
    (fp_line (start 3.452407 2.962651) (end 3.452407 -3.037349) (layer B.Fab) (width 0.1))
    (fp_line (start 3.452407 -3.037349) (end -3.547593 -3.037349) (layer B.Fab) (width 0.1))
    (fp_line (start -3.547593 -3.037349) (end -3.547593 2.962651) (layer B.CrtYd) (width 0.05))
    (fp_line (start -3.547593 2.962651) (end 3.452407 2.962651) (layer B.CrtYd) (width 0.05))
    (fp_line (start 3.452407 2.962651) (end 3.452407 -3.037349) (layer B.CrtYd) (width 0.05))
    (fp_line (start 3.452407 -3.037349) (end -3.547593 -3.037349) (layer B.CrtYd) (width 0.05))
    (fp_text user %R (at -0.047593 -0.037349 -135) (layer B.Fab)
      (effects (font (size 1.5 1.5) (thickness 0.15)) (justify mirror))
    )
    (fp_circle (center 2.402407 -1.987349) (end 2.402407 -1.687349) (layer B.Fab) (width 0.6))
    (fp_line (start 2.702407 2.962651) (end -2.797593 2.962651) (layer B.SilkS) (width 0.15))
    (fp_circle (center 3.7 -3.2) (end 3.6 -3.1) (layer B.SilkS) (width 0.15))
    (pad 6 smd rect (at -2.047593 -1.737349 315) (size 1.6 2.2) (layers B.Cu B.Paste B.Mask)
      (net 7 "Net-(U105-Pad6)"))
    (pad 5 smd rect (at -2.047593 -0.037349 315) (size 1.2 2.2) (layers B.Cu B.Paste B.Mask)
      (net 8 "Net-(U105-Pad5)"))
    (pad 4 smd rect (at -2.047593 1.662651 315) (size 1.6 2.2) (layers B.Cu B.Paste B.Mask)
      (net 2 +3V3))
    (pad 3 smd rect (at 1.952407 1.662651 315) (size 1.6 2.2) (layers B.Cu B.Paste B.Mask)
      (net 1 GND))
    (pad 2 smd rect (at 1.952407 -0.037349 315) (size 1.2 2.2) (layers B.Cu B.Paste B.Mask)
      (net 5 "Net-(U102-Pad5)"))
    (pad 1 smd rect (at 1.952407 -1.737349 315) (size 1.6 2.2) (layers B.Cu B.Paste B.Mask)
      (net 6 "Net-(U102-Pad6)"))
  )

  (module "Borgel Custom:LED-5050" (layer B.Cu) (tedit 58C5AD0D) (tstamp 5C537BD6)
    (at 117.295112 69 135)
    (path /5C035F7A)
    (fp_text reference U102 (at -0.197593 3.612651 -45) (layer B.SilkS)
      (effects (font (size 0.7 0.7) (thickness 0.15)) (justify mirror))
    )
    (fp_text value APA102_5050 (at -0.1 -3.9 -45) (layer B.Fab) hide
      (effects (font (size 1 1) (thickness 0.15)) (justify mirror))
    )
    (fp_circle (center 3.7 -3.2) (end 3.6 -3.1) (layer B.SilkS) (width 0.15))
    (fp_line (start 2.702407 2.962651) (end -2.797593 2.962651) (layer B.SilkS) (width 0.15))
    (fp_circle (center 2.402407 -1.987349) (end 2.402407 -1.687349) (layer B.Fab) (width 0.6))
    (fp_text user %R (at -0.047593 -0.037349 -45) (layer B.Fab)
      (effects (font (size 1.5 1.5) (thickness 0.15)) (justify mirror))
    )
    (fp_line (start 3.452407 -3.037349) (end -3.547593 -3.037349) (layer B.CrtYd) (width 0.05))
    (fp_line (start 3.452407 2.962651) (end 3.452407 -3.037349) (layer B.CrtYd) (width 0.05))
    (fp_line (start -3.547593 2.962651) (end 3.452407 2.962651) (layer B.CrtYd) (width 0.05))
    (fp_line (start -3.547593 -3.037349) (end -3.547593 2.962651) (layer B.CrtYd) (width 0.05))
    (fp_line (start 3.452407 -3.037349) (end -3.547593 -3.037349) (layer B.Fab) (width 0.1))
    (fp_line (start 3.452407 2.962651) (end 3.452407 -3.037349) (layer B.Fab) (width 0.1))
    (fp_line (start -3.547593 2.962651) (end 3.452407 2.962651) (layer B.Fab) (width 0.1))
    (fp_line (start -3.547593 -3.037349) (end -3.547593 2.962651) (layer B.Fab) (width 0.1))
    (fp_line (start 2.702407 -3.037349) (end -2.797593 -3.037349) (layer B.SilkS) (width 0.15))
    (pad 1 smd rect (at 1.952407 -1.737349 45) (size 1.6 2.2) (layers B.Cu B.Paste B.Mask)
      (net 3 /LEDS_MOSI))
    (pad 2 smd rect (at 1.952407 -0.037349 45) (size 1.2 2.2) (layers B.Cu B.Paste B.Mask)
      (net 4 /LEDS_SCK))
    (pad 3 smd rect (at 1.952407 1.662651 45) (size 1.6 2.2) (layers B.Cu B.Paste B.Mask)
      (net 1 GND))
    (pad 4 smd rect (at -2.047593 1.662651 45) (size 1.6 2.2) (layers B.Cu B.Paste B.Mask)
      (net 2 +3V3))
    (pad 5 smd rect (at -2.047593 -0.037349 45) (size 1.2 2.2) (layers B.Cu B.Paste B.Mask)
      (net 5 "Net-(U102-Pad5)"))
    (pad 6 smd rect (at -2.047593 -1.737349 45) (size 1.6 2.2) (layers B.Cu B.Paste B.Mask)
      (net 6 "Net-(U102-Pad6)"))
  )

  (module Capacitor_SMD:C_0805_2012Metric (layer F.Cu) (tedit 5B36C52B) (tstamp 5C0CD8A9)
    (at 121.5 158.562499 90)
    (descr "Capacitor SMD 0805 (2012 Metric), square (rectangular) end terminal, IPC_7351 nominal, (Body size source: https://docs.google.com/spreadsheets/d/1BsfQQcO9C6DZCsRaXUlFlo91Tg2WpOkGARC1WS5S8t0/edit?usp=sharing), generated with kicad-footprint-generator")
    (tags capacitor)
    (path /5BFACD6A)
    (attr smd)
    (fp_text reference C101 (at 1.062499 -1.65 90) (layer F.SilkS)
      (effects (font (size 1 1) (thickness 0.15)))
    )
    (fp_text value 0.1uF (at 0 1.65 90) (layer F.Fab)
      (effects (font (size 1 1) (thickness 0.15)))
    )
    (fp_text user %R (at 0 0 90) (layer F.Fab)
      (effects (font (size 0.5 0.5) (thickness 0.08)))
    )
    (fp_line (start 1.68 0.95) (end -1.68 0.95) (layer F.CrtYd) (width 0.05))
    (fp_line (start 1.68 -0.95) (end 1.68 0.95) (layer F.CrtYd) (width 0.05))
    (fp_line (start -1.68 -0.95) (end 1.68 -0.95) (layer F.CrtYd) (width 0.05))
    (fp_line (start -1.68 0.95) (end -1.68 -0.95) (layer F.CrtYd) (width 0.05))
    (fp_line (start -0.258578 0.71) (end 0.258578 0.71) (layer F.SilkS) (width 0.12))
    (fp_line (start -0.258578 -0.71) (end 0.258578 -0.71) (layer F.SilkS) (width 0.12))
    (fp_line (start 1 0.6) (end -1 0.6) (layer F.Fab) (width 0.1))
    (fp_line (start 1 -0.6) (end 1 0.6) (layer F.Fab) (width 0.1))
    (fp_line (start -1 -0.6) (end 1 -0.6) (layer F.Fab) (width 0.1))
    (fp_line (start -1 0.6) (end -1 -0.6) (layer F.Fab) (width 0.1))
    (pad 2 smd roundrect (at 0.9375 0 90) (size 0.975 1.4) (layers F.Cu F.Paste F.Mask) (roundrect_rratio 0.25)
      (net 1 GND))
    (pad 1 smd roundrect (at -0.9375 0 90) (size 0.975 1.4) (layers F.Cu F.Paste F.Mask) (roundrect_rratio 0.25)
      (net 9 /ENC_1_A))
    (model ${KISYS3DMOD}/Capacitor_SMD.3dshapes/C_0805_2012Metric.wrl
      (at (xyz 0 0 0))
      (scale (xyz 1 1 1))
      (rotate (xyz 0 0 0))
    )
  )

  (module Capacitor_SMD:C_0805_2012Metric (layer F.Cu) (tedit 5B36C52B) (tstamp 5C5380E7)
    (at 123.5 159.5 90)
    (descr "Capacitor SMD 0805 (2012 Metric), square (rectangular) end terminal, IPC_7351 nominal, (Body size source: https://docs.google.com/spreadsheets/d/1BsfQQcO9C6DZCsRaXUlFlo91Tg2WpOkGARC1WS5S8t0/edit?usp=sharing), generated with kicad-footprint-generator")
    (tags capacitor)
    (path /5BFAC9AB)
    (attr smd)
    (fp_text reference C102 (at -0.25 3 180) (layer F.SilkS)
      (effects (font (size 1 1) (thickness 0.15)))
    )
    (fp_text value 0.1uF (at 0 1.65 90) (layer F.Fab)
      (effects (font (size 1 1) (thickness 0.15)))
    )
    (fp_line (start -1 0.6) (end -1 -0.6) (layer F.Fab) (width 0.1))
    (fp_line (start -1 -0.6) (end 1 -0.6) (layer F.Fab) (width 0.1))
    (fp_line (start 1 -0.6) (end 1 0.6) (layer F.Fab) (width 0.1))
    (fp_line (start 1 0.6) (end -1 0.6) (layer F.Fab) (width 0.1))
    (fp_line (start -0.258578 -0.71) (end 0.258578 -0.71) (layer F.SilkS) (width 0.12))
    (fp_line (start -0.258578 0.71) (end 0.258578 0.71) (layer F.SilkS) (width 0.12))
    (fp_line (start -1.68 0.95) (end -1.68 -0.95) (layer F.CrtYd) (width 0.05))
    (fp_line (start -1.68 -0.95) (end 1.68 -0.95) (layer F.CrtYd) (width 0.05))
    (fp_line (start 1.68 -0.95) (end 1.68 0.95) (layer F.CrtYd) (width 0.05))
    (fp_line (start 1.68 0.95) (end -1.68 0.95) (layer F.CrtYd) (width 0.05))
    (fp_text user %R (at 0 0 90) (layer F.Fab)
      (effects (font (size 0.5 0.5) (thickness 0.08)))
    )
    (pad 1 smd roundrect (at -0.9375 0 90) (size 0.975 1.4) (layers F.Cu F.Paste F.Mask) (roundrect_rratio 0.25)
      (net 10 /ENC_1_B))
    (pad 2 smd roundrect (at 0.9375 0 90) (size 0.975 1.4) (layers F.Cu F.Paste F.Mask) (roundrect_rratio 0.25)
      (net 1 GND))
    (model ${KISYS3DMOD}/Capacitor_SMD.3dshapes/C_0805_2012Metric.wrl
      (at (xyz 0 0 0))
      (scale (xyz 1 1 1))
      (rotate (xyz 0 0 0))
    )
  )

  (module teensy:Teensy30_31_32_LC (layer F.Cu) (tedit 5A29202F) (tstamp 5C0CD518)
    (at 117.5 40 270)
    (path /5BF63258)
    (fp_text reference U101 (at -18.537 7.264) (layer F.SilkS)
      (effects (font (size 1 1) (thickness 0.15)))
    )
    (fp_text value Teensy-LC (at 0 10.16 270) (layer F.Fab)
      (effects (font (size 1 1) (thickness 0.15)))
    )
    (fp_line (start -17.78 8.89) (end -17.78 -8.89) (layer F.SilkS) (width 0.15))
    (fp_line (start 17.78 8.89) (end -17.78 8.89) (layer F.SilkS) (width 0.15))
    (fp_line (start 17.78 -8.89) (end 17.78 8.89) (layer F.SilkS) (width 0.15))
    (fp_line (start -17.78 -8.89) (end 17.78 -8.89) (layer F.SilkS) (width 0.15))
    (fp_line (start 8.89 5.08) (end 0 5.08) (layer F.SilkS) (width 0.15))
    (fp_line (start 8.89 -5.08) (end 0 -5.08) (layer F.SilkS) (width 0.15))
    (fp_line (start 0 -5.08) (end 0 5.08) (layer F.SilkS) (width 0.15))
    (fp_line (start 8.89 5.08) (end 8.89 -5.08) (layer F.SilkS) (width 0.15))
    (fp_line (start 12.7 -2.54) (end 15.24 -2.54) (layer F.SilkS) (width 0.15))
    (fp_line (start 12.7 2.54) (end 12.7 -2.54) (layer F.SilkS) (width 0.15))
    (fp_line (start 15.24 2.54) (end 12.7 2.54) (layer F.SilkS) (width 0.15))
    (fp_line (start 15.24 -2.54) (end 15.24 2.54) (layer F.SilkS) (width 0.15))
    (fp_line (start -11.43 2.54) (end -11.43 5.08) (layer F.SilkS) (width 0.15))
    (fp_line (start -8.89 2.54) (end -11.43 2.54) (layer F.SilkS) (width 0.15))
    (fp_line (start -8.89 5.08) (end -8.89 2.54) (layer F.SilkS) (width 0.15))
    (fp_line (start -11.43 5.08) (end -8.89 5.08) (layer F.SilkS) (width 0.15))
    (fp_line (start -12.7 3.81) (end -17.78 3.81) (layer F.SilkS) (width 0.15))
    (fp_line (start -12.7 -3.81) (end -17.78 -3.81) (layer F.SilkS) (width 0.15))
    (fp_line (start -12.7 3.81) (end -12.7 -3.81) (layer F.SilkS) (width 0.15))
    (fp_line (start -6.35 2.54) (end -6.35 5.08) (layer F.SilkS) (width 0.15))
    (fp_line (start -2.54 2.54) (end -6.35 2.54) (layer F.SilkS) (width 0.15))
    (fp_line (start -2.54 5.08) (end -2.54 2.54) (layer F.SilkS) (width 0.15))
    (fp_line (start -6.35 5.08) (end -2.54 5.08) (layer F.SilkS) (width 0.15))
    (fp_line (start -19.05 -3.81) (end -17.78 -3.81) (layer F.SilkS) (width 0.15))
    (fp_line (start -19.05 3.81) (end -19.05 -3.81) (layer F.SilkS) (width 0.15))
    (fp_line (start -17.78 3.81) (end -19.05 3.81) (layer F.SilkS) (width 0.15))
    (fp_text user T3.1 (at -6.35 -2.54) (layer F.SilkS)
      (effects (font (size 1 1) (thickness 0.15)))
    )
    (fp_text user T3.2 (at -10.16 -2.54) (layer F.SilkS)
      (effects (font (size 1 1) (thickness 0.15)))
    )
    (pad 52 thru_hole circle (at -10.16 0 270) (size 1.9 1.9) (drill 0.5) (layers *.Cu *.Mask F.SilkS))
    (pad 52 thru_hole circle (at -6.35 0 270) (size 1.9 1.9) (drill 0.5) (layers *.Cu *.Mask F.SilkS))
    (pad 51 thru_hole circle (at -1.27 -2.54 270) (size 1.6 1.6) (drill 1.1) (layers *.Cu *.Mask))
    (pad 50 thru_hole circle (at 1.27 -2.54 270) (size 1.6 1.6) (drill 1.1) (layers *.Cu *.Mask))
    (pad 49 thru_hole circle (at 3.81 -2.54 270) (size 1.6 1.6) (drill 1.1) (layers *.Cu *.Mask))
    (pad 48 thru_hole circle (at 6.35 -2.54 270) (size 1.6 1.6) (drill 1.1) (layers *.Cu *.Mask))
    (pad 47 thru_hole circle (at 8.89 -2.54 270) (size 1.6 1.6) (drill 1.1) (layers *.Cu *.Mask))
    (pad 46 thru_hole circle (at 11.43 -2.54 270) (size 1.6 1.6) (drill 1.1) (layers *.Cu *.Mask))
    (pad 45 thru_hole circle (at 13.97 -2.54 270) (size 1.6 1.6) (drill 1.1) (layers *.Cu *.Mask))
    (pad 44 thru_hole circle (at 13.97 0 270) (size 1.6 1.6) (drill 1.1) (layers *.Cu *.Mask))
    (pad 43 thru_hole circle (at 11.43 0 270) (size 1.6 1.6) (drill 1.1) (layers *.Cu *.Mask))
    (pad 42 thru_hole circle (at 8.89 0 270) (size 1.6 1.6) (drill 1.1) (layers *.Cu *.Mask))
    (pad 41 thru_hole circle (at 6.35 0 270) (size 1.6 1.6) (drill 1.1) (layers *.Cu *.Mask))
    (pad 40 thru_hole circle (at 3.81 0 270) (size 1.6 1.6) (drill 1.1) (layers *.Cu *.Mask))
    (pad 39 thru_hole circle (at 1.27 0 270) (size 1.6 1.6) (drill 1.1) (layers *.Cu *.Mask)
      (net 38 "Net-(U101-Pad39)"))
    (pad 38 thru_hole circle (at -1.27 0 270) (size 1.6 1.6) (drill 1.1) (layers *.Cu *.Mask)
      (net 39 "Net-(U101-Pad38)"))
    (pad 1 thru_hole rect (at -16.51 7.62 270) (size 1.6 1.6) (drill 1.1) (layers *.Cu *.Mask F.SilkS)
      (net 1 GND))
    (pad 2 thru_hole circle (at -13.97 7.62 270) (size 1.6 1.6) (drill 1.1) (layers *.Cu *.Mask F.SilkS)
      (net 40 "Net-(U101-Pad2)"))
    (pad 3 thru_hole circle (at -11.43 7.62 270) (size 1.6 1.6) (drill 1.1) (layers *.Cu *.Mask F.SilkS)
      (net 41 "Net-(U101-Pad3)"))
    (pad 4 thru_hole circle (at -8.89 7.62 270) (size 1.6 1.6) (drill 1.1) (layers *.Cu *.Mask F.SilkS)
      (net 20 /BTN_INT))
    (pad 5 thru_hole circle (at -6.35 7.62 270) (size 1.6 1.6) (drill 1.1) (layers *.Cu *.Mask F.SilkS)
      (net 42 "Net-(U101-Pad5)"))
    (pad 6 thru_hole circle (at -3.81 7.62 270) (size 1.6 1.6) (drill 1.1) (layers *.Cu *.Mask F.SilkS)
      (net 16 /ENC_4_B))
    (pad 7 thru_hole circle (at -1.27 7.62 270) (size 1.6 1.6) (drill 1.1) (layers *.Cu *.Mask F.SilkS)
      (net 15 /ENC_4_A))
    (pad 8 thru_hole circle (at 1.27 7.62 270) (size 1.6 1.6) (drill 1.1) (layers *.Cu *.Mask F.SilkS)
      (net 14 /ENC_3_B))
    (pad 9 thru_hole circle (at 3.81 7.62 270) (size 1.6 1.6) (drill 1.1) (layers *.Cu *.Mask F.SilkS)
      (net 13 /ENC_3_A))
    (pad 10 thru_hole circle (at 6.35 7.62 270) (size 1.6 1.6) (drill 1.1) (layers *.Cu *.Mask F.SilkS)
      (net 12 /ENC_2_B))
    (pad 11 thru_hole circle (at 8.89 7.62 270) (size 1.6 1.6) (drill 1.1) (layers *.Cu *.Mask F.SilkS)
      (net 11 /ENC_2_A))
    (pad 12 thru_hole circle (at 11.43 7.62 270) (size 1.6 1.6) (drill 1.1) (layers *.Cu *.Mask F.SilkS)
      (net 10 /ENC_1_B))
    (pad 13 thru_hole circle (at 13.97 7.62 270) (size 1.6 1.6) (drill 1.1) (layers *.Cu *.Mask F.SilkS)
      (net 9 /ENC_1_A))
    (pad 37 thru_hole circle (at -3.81 -5.08 270) (size 1.6 1.6) (drill 1.1) (layers *.Cu *.Mask F.SilkS)
      (net 43 "Net-(U101-Pad37)"))
    (pad 36 thru_hole circle (at -6.35 -5.08 270) (size 1.6 1.6) (drill 1.1) (layers *.Cu *.Mask F.SilkS)
      (net 44 "Net-(U101-Pad36)"))
    (pad 35 thru_hole circle (at -8.89 -5.08 270) (size 1.6 1.6) (drill 1.1) (layers *.Cu *.Mask F.SilkS)
      (net 45 "Net-(U101-Pad35)"))
    (pad 34 thru_hole circle (at -13.97 -5.08 270) (size 1.6 1.6) (drill 1.1) (layers *.Cu *.Mask F.SilkS)
      (net 46 "Net-(U101-Pad34)"))
    (pad 33 thru_hole circle (at -16.51 -7.62 270) (size 1.6 1.6) (drill 1.1) (layers *.Cu *.Mask F.SilkS)
      (net 47 "Net-(U101-Pad33)"))
    (pad 32 thru_hole circle (at -13.97 -7.62 270) (size 1.6 1.6) (drill 1.1) (layers *.Cu *.Mask F.SilkS)
      (net 1 GND))
    (pad 31 thru_hole circle (at -11.43 -7.62 270) (size 1.6 1.6) (drill 1.1) (layers *.Cu *.Mask F.SilkS)
      (net 2 +3V3))
    (pad 30 thru_hole circle (at -8.89 -7.62 270) (size 1.6 1.6) (drill 1.1) (layers *.Cu *.Mask F.SilkS)
      (net 19 /I2C1_SDA))
    (pad 29 thru_hole circle (at -6.35 -7.62 270) (size 1.6 1.6) (drill 1.1) (layers *.Cu *.Mask F.SilkS)
      (net 18 /I2C1_SCL))
    (pad 28 thru_hole circle (at -3.81 -7.62 270) (size 1.6 1.6) (drill 1.1) (layers *.Cu *.Mask F.SilkS)
      (net 63 "Net-(U101-Pad28)"))
    (pad 27 thru_hole circle (at -1.27 -7.62 270) (size 1.6 1.6) (drill 1.1) (layers *.Cu *.Mask F.SilkS)
      (net 64 "Net-(U101-Pad27)"))
    (pad 26 thru_hole circle (at 1.27 -7.62 270) (size 1.6 1.6) (drill 1.1) (layers *.Cu *.Mask F.SilkS)
      (net 21 /BTN_BIG_MID))
    (pad 25 thru_hole circle (at 3.81 -7.62 270) (size 1.6 1.6) (drill 1.1) (layers *.Cu *.Mask F.SilkS)
      (net 34 /ENC_4_SW))
    (pad 24 thru_hole circle (at 6.35 -7.62 270) (size 1.6 1.6) (drill 1.1) (layers *.Cu *.Mask F.SilkS)
      (net 35 /ENC_3_SW))
    (pad 23 thru_hole circle (at 8.89 -7.62 270) (size 1.6 1.6) (drill 1.1) (layers *.Cu *.Mask F.SilkS)
      (net 36 /ENC_2_SW))
    (pad 22 thru_hole circle (at 11.43 -7.62 270) (size 1.6 1.6) (drill 1.1) (layers *.Cu *.Mask F.SilkS)
      (net 37 /ENC_1_SW))
    (pad 21 thru_hole circle (at 13.97 -7.62 270) (size 1.6 1.6) (drill 1.1) (layers *.Cu *.Mask F.SilkS)
      (net 4 /LEDS_SCK))
    (pad 14 thru_hole circle (at 16.51 7.62 270) (size 1.6 1.6) (drill 1.1) (layers *.Cu *.Mask F.SilkS)
      (net 3 /LEDS_MOSI))
    (pad 15 thru_hole circle (at 16.51 5.08 270) (size 1.6 1.6) (drill 1.1) (layers *.Cu *.Mask F.SilkS)
      (net 48 "Net-(U101-Pad15)"))
    (pad 16 thru_hole circle (at 16.51 2.54 270) (size 1.6 1.6) (drill 1.1) (layers *.Cu *.Mask F.SilkS)
      (net 49 "Net-(U101-Pad16)"))
    (pad 20 thru_hole circle (at 16.51 -7.62 270) (size 1.6 1.6) (drill 1.1) (layers *.Cu *.Mask F.SilkS)
      (net 66 /LED_ALIVE))
    (pad 19 thru_hole circle (at 16.51 -5.08 270) (size 1.6 1.6) (drill 1.1) (layers *.Cu *.Mask F.SilkS)
      (net 50 "Net-(U101-Pad19)"))
    (pad 18 thru_hole circle (at 16.51 -2.54 270) (size 1.6 1.6) (drill 1.1) (layers *.Cu *.Mask F.SilkS)
      (net 51 "Net-(U101-Pad18)"))
    (pad 17 thru_hole circle (at 16.51 0 270) (size 1.6 1.6) (drill 1.1) (layers *.Cu *.Mask F.SilkS)
      (net 1 GND))
  )

  (module Capacitor_SMD:C_0805_2012Metric (layer B.Cu) (tedit 5B36C52B) (tstamp 5C4BDE13)
    (at 121.662913 137.412913 315)
    (descr "Capacitor SMD 0805 (2012 Metric), square (rectangular) end terminal, IPC_7351 nominal, (Body size source: https://docs.google.com/spreadsheets/d/1BsfQQcO9C6DZCsRaXUlFlo91Tg2WpOkGARC1WS5S8t0/edit?usp=sharing), generated with kicad-footprint-generator")
    (tags capacitor)
    (path /5C3705D6)
    (attr smd)
    (fp_text reference C103 (at -0.053617 -1.59099 315) (layer B.SilkS)
      (effects (font (size 1 1) (thickness 0.15)) (justify mirror))
    )
    (fp_text value 0.1uF (at 0 -1.65 315) (layer B.Fab)
      (effects (font (size 1 1) (thickness 0.15)) (justify mirror))
    )
    (fp_line (start -1 -0.6) (end -1 0.6) (layer B.Fab) (width 0.1))
    (fp_line (start -1 0.6) (end 1 0.6) (layer B.Fab) (width 0.1))
    (fp_line (start 1 0.6) (end 1 -0.6) (layer B.Fab) (width 0.1))
    (fp_line (start 1 -0.6) (end -1 -0.6) (layer B.Fab) (width 0.1))
    (fp_line (start -0.258578 0.71) (end 0.258578 0.71) (layer B.SilkS) (width 0.12))
    (fp_line (start -0.258578 -0.71) (end 0.258578 -0.71) (layer B.SilkS) (width 0.12))
    (fp_line (start -1.68 -0.95) (end -1.68 0.95) (layer B.CrtYd) (width 0.05))
    (fp_line (start -1.68 0.95) (end 1.68 0.95) (layer B.CrtYd) (width 0.05))
    (fp_line (start 1.68 0.95) (end 1.68 -0.95) (layer B.CrtYd) (width 0.05))
    (fp_line (start 1.68 -0.95) (end -1.68 -0.95) (layer B.CrtYd) (width 0.05))
    (fp_text user %R (at 0 0 315) (layer B.Fab)
      (effects (font (size 0.5 0.5) (thickness 0.08)) (justify mirror))
    )
    (pad 1 smd roundrect (at -0.937501 0 315) (size 0.975 1.4) (layers B.Cu B.Paste B.Mask) (roundrect_rratio 0.25)
      (net 11 /ENC_2_A))
    (pad 2 smd roundrect (at 0.937501 0 315) (size 0.975 1.4) (layers B.Cu B.Paste B.Mask) (roundrect_rratio 0.25)
      (net 1 GND))
    (model ${KISYS3DMOD}/Capacitor_SMD.3dshapes/C_0805_2012Metric.wrl
      (at (xyz 0 0 0))
      (scale (xyz 1 1 1))
      (rotate (xyz 0 0 0))
    )
  )

  (module Capacitor_SMD:C_0805_2012Metric (layer B.Cu) (tedit 5B36C52B) (tstamp 5C4BDE24)
    (at 117.587087 133.587087 135)
    (descr "Capacitor SMD 0805 (2012 Metric), square (rectangular) end terminal, IPC_7351 nominal, (Body size source: https://docs.google.com/spreadsheets/d/1BsfQQcO9C6DZCsRaXUlFlo91Tg2WpOkGARC1WS5S8t0/edit?usp=sharing), generated with kicad-footprint-generator")
    (tags capacitor)
    (path /5C3705D0)
    (attr smd)
    (fp_text reference C104 (at 0 1.65 135) (layer B.SilkS)
      (effects (font (size 1 1) (thickness 0.15)) (justify mirror))
    )
    (fp_text value 0.1uF (at 0 -1.65 135) (layer B.Fab)
      (effects (font (size 1 1) (thickness 0.15)) (justify mirror))
    )
    (fp_text user %R (at 0 0 135) (layer B.Fab)
      (effects (font (size 0.5 0.5) (thickness 0.08)) (justify mirror))
    )
    (fp_line (start 1.68 -0.95) (end -1.68 -0.95) (layer B.CrtYd) (width 0.05))
    (fp_line (start 1.68 0.95) (end 1.68 -0.95) (layer B.CrtYd) (width 0.05))
    (fp_line (start -1.68 0.95) (end 1.68 0.95) (layer B.CrtYd) (width 0.05))
    (fp_line (start -1.68 -0.95) (end -1.68 0.95) (layer B.CrtYd) (width 0.05))
    (fp_line (start -0.258578 -0.71) (end 0.258578 -0.71) (layer B.SilkS) (width 0.12))
    (fp_line (start -0.258578 0.71) (end 0.258578 0.71) (layer B.SilkS) (width 0.12))
    (fp_line (start 1 -0.6) (end -1 -0.6) (layer B.Fab) (width 0.1))
    (fp_line (start 1 0.6) (end 1 -0.6) (layer B.Fab) (width 0.1))
    (fp_line (start -1 0.6) (end 1 0.6) (layer B.Fab) (width 0.1))
    (fp_line (start -1 -0.6) (end -1 0.6) (layer B.Fab) (width 0.1))
    (pad 2 smd roundrect (at 0.937501 0 135) (size 0.975 1.4) (layers B.Cu B.Paste B.Mask) (roundrect_rratio 0.25)
      (net 1 GND))
    (pad 1 smd roundrect (at -0.937501 0 135) (size 0.975 1.4) (layers B.Cu B.Paste B.Mask) (roundrect_rratio 0.25)
      (net 12 /ENC_2_B))
    (model ${KISYS3DMOD}/Capacitor_SMD.3dshapes/C_0805_2012Metric.wrl
      (at (xyz 0 0 0))
      (scale (xyz 1 1 1))
      (rotate (xyz 0 0 0))
    )
  )

  (module Capacitor_SMD:C_0805_2012Metric (layer F.Cu) (tedit 5B36C52B) (tstamp 5C474E8D)
    (at 113.999999 89)
    (descr "Capacitor SMD 0805 (2012 Metric), square (rectangular) end terminal, IPC_7351 nominal, (Body size source: https://docs.google.com/spreadsheets/d/1BsfQQcO9C6DZCsRaXUlFlo91Tg2WpOkGARC1WS5S8t0/edit?usp=sharing), generated with kicad-footprint-generator")
    (tags capacitor)
    (path /5C3761EA)
    (attr smd)
    (fp_text reference C105 (at 3.500001 0) (layer F.SilkS)
      (effects (font (size 1 1) (thickness 0.15)))
    )
    (fp_text value 0.1uF (at 0 1.65) (layer F.Fab)
      (effects (font (size 1 1) (thickness 0.15)))
    )
    (fp_line (start -1 0.6) (end -1 -0.6) (layer F.Fab) (width 0.1))
    (fp_line (start -1 -0.6) (end 1 -0.6) (layer F.Fab) (width 0.1))
    (fp_line (start 1 -0.6) (end 1 0.6) (layer F.Fab) (width 0.1))
    (fp_line (start 1 0.6) (end -1 0.6) (layer F.Fab) (width 0.1))
    (fp_line (start -0.258578 -0.71) (end 0.258578 -0.71) (layer F.SilkS) (width 0.12))
    (fp_line (start -0.258578 0.71) (end 0.258578 0.71) (layer F.SilkS) (width 0.12))
    (fp_line (start -1.68 0.95) (end -1.68 -0.95) (layer F.CrtYd) (width 0.05))
    (fp_line (start -1.68 -0.95) (end 1.68 -0.95) (layer F.CrtYd) (width 0.05))
    (fp_line (start 1.68 -0.95) (end 1.68 0.95) (layer F.CrtYd) (width 0.05))
    (fp_line (start 1.68 0.95) (end -1.68 0.95) (layer F.CrtYd) (width 0.05))
    (fp_text user %R (at 0 0) (layer F.Fab)
      (effects (font (size 0.5 0.5) (thickness 0.08)))
    )
    (pad 1 smd roundrect (at -0.9375 0) (size 0.975 1.4) (layers F.Cu F.Paste F.Mask) (roundrect_rratio 0.25)
      (net 13 /ENC_3_A))
    (pad 2 smd roundrect (at 0.9375 0) (size 0.975 1.4) (layers F.Cu F.Paste F.Mask) (roundrect_rratio 0.25)
      (net 1 GND))
    (model ${KISYS3DMOD}/Capacitor_SMD.3dshapes/C_0805_2012Metric.wrl
      (at (xyz 0 0 0))
      (scale (xyz 1 1 1))
      (rotate (xyz 0 0 0))
    )
  )

  (module Capacitor_SMD:C_0805_2012Metric (layer F.Cu) (tedit 5B36C52B) (tstamp 5C4BDE46)
    (at 109 93.062499 270)
    (descr "Capacitor SMD 0805 (2012 Metric), square (rectangular) end terminal, IPC_7351 nominal, (Body size source: https://docs.google.com/spreadsheets/d/1BsfQQcO9C6DZCsRaXUlFlo91Tg2WpOkGARC1WS5S8t0/edit?usp=sharing), generated with kicad-footprint-generator")
    (tags capacitor)
    (path /5C3761E3)
    (attr smd)
    (fp_text reference C106 (at 3.937501 0.5 270) (layer F.SilkS)
      (effects (font (size 1 1) (thickness 0.15)))
    )
    (fp_text value 0.1uF (at 0 1.65 270) (layer F.Fab)
      (effects (font (size 1 1) (thickness 0.15)))
    )
    (fp_line (start -1 0.6) (end -1 -0.6) (layer F.Fab) (width 0.1))
    (fp_line (start -1 -0.6) (end 1 -0.6) (layer F.Fab) (width 0.1))
    (fp_line (start 1 -0.6) (end 1 0.6) (layer F.Fab) (width 0.1))
    (fp_line (start 1 0.6) (end -1 0.6) (layer F.Fab) (width 0.1))
    (fp_line (start -0.258578 -0.71) (end 0.258578 -0.71) (layer F.SilkS) (width 0.12))
    (fp_line (start -0.258578 0.71) (end 0.258578 0.71) (layer F.SilkS) (width 0.12))
    (fp_line (start -1.68 0.95) (end -1.68 -0.95) (layer F.CrtYd) (width 0.05))
    (fp_line (start -1.68 -0.95) (end 1.68 -0.95) (layer F.CrtYd) (width 0.05))
    (fp_line (start 1.68 -0.95) (end 1.68 0.95) (layer F.CrtYd) (width 0.05))
    (fp_line (start 1.68 0.95) (end -1.68 0.95) (layer F.CrtYd) (width 0.05))
    (fp_text user %R (at 0 0 270) (layer F.Fab)
      (effects (font (size 0.5 0.5) (thickness 0.08)))
    )
    (pad 1 smd roundrect (at -0.9375 0 270) (size 0.975 1.4) (layers F.Cu F.Paste F.Mask) (roundrect_rratio 0.25)
      (net 14 /ENC_3_B))
    (pad 2 smd roundrect (at 0.9375 0 270) (size 0.975 1.4) (layers F.Cu F.Paste F.Mask) (roundrect_rratio 0.25)
      (net 1 GND))
    (model ${KISYS3DMOD}/Capacitor_SMD.3dshapes/C_0805_2012Metric.wrl
      (at (xyz 0 0 0))
      (scale (xyz 1 1 1))
      (rotate (xyz 0 0 0))
    )
  )

  (module Capacitor_SMD:C_0805_2012Metric (layer F.Cu) (tedit 5B36C52B) (tstamp 5C4BDE57)
    (at 109.5 74.5 135)
    (descr "Capacitor SMD 0805 (2012 Metric), square (rectangular) end terminal, IPC_7351 nominal, (Body size source: https://docs.google.com/spreadsheets/d/1BsfQQcO9C6DZCsRaXUlFlo91Tg2WpOkGARC1WS5S8t0/edit?usp=sharing), generated with kicad-footprint-generator")
    (tags capacitor)
    (path /5C3A37CF)
    (attr smd)
    (fp_text reference C107 (at 0 1.414214 135) (layer F.SilkS)
      (effects (font (size 1 1) (thickness 0.15)))
    )
    (fp_text value 0.1uF (at 0 1.65 135) (layer F.Fab)
      (effects (font (size 1 1) (thickness 0.15)))
    )
    (fp_line (start -1 0.6) (end -1 -0.6) (layer F.Fab) (width 0.1))
    (fp_line (start -1 -0.6) (end 1 -0.6) (layer F.Fab) (width 0.1))
    (fp_line (start 1 -0.6) (end 1 0.6) (layer F.Fab) (width 0.1))
    (fp_line (start 1 0.6) (end -1 0.6) (layer F.Fab) (width 0.1))
    (fp_line (start -0.258578 -0.71) (end 0.258578 -0.71) (layer F.SilkS) (width 0.12))
    (fp_line (start -0.258578 0.71) (end 0.258578 0.71) (layer F.SilkS) (width 0.12))
    (fp_line (start -1.68 0.95) (end -1.68 -0.95) (layer F.CrtYd) (width 0.05))
    (fp_line (start -1.68 -0.95) (end 1.68 -0.95) (layer F.CrtYd) (width 0.05))
    (fp_line (start 1.68 -0.95) (end 1.68 0.95) (layer F.CrtYd) (width 0.05))
    (fp_line (start 1.68 0.95) (end -1.68 0.95) (layer F.CrtYd) (width 0.05))
    (fp_text user %R (at 0 0 135) (layer F.Fab)
      (effects (font (size 0.5 0.5) (thickness 0.08)))
    )
    (pad 1 smd roundrect (at -0.937501 0 135) (size 0.975 1.4) (layers F.Cu F.Paste F.Mask) (roundrect_rratio 0.25)
      (net 15 /ENC_4_A))
    (pad 2 smd roundrect (at 0.937501 0 135) (size 0.975 1.4) (layers F.Cu F.Paste F.Mask) (roundrect_rratio 0.25)
      (net 1 GND))
    (model ${KISYS3DMOD}/Capacitor_SMD.3dshapes/C_0805_2012Metric.wrl
      (at (xyz 0 0 0))
      (scale (xyz 1 1 1))
      (rotate (xyz 0 0 0))
    )
  )

  (module Capacitor_SMD:C_0805_2012Metric (layer F.Cu) (tedit 5B36C52B) (tstamp 5C538374)
    (at 113.162913 77.662913 315)
    (descr "Capacitor SMD 0805 (2012 Metric), square (rectangular) end terminal, IPC_7351 nominal, (Body size source: https://docs.google.com/spreadsheets/d/1BsfQQcO9C6DZCsRaXUlFlo91Tg2WpOkGARC1WS5S8t0/edit?usp=sharing), generated with kicad-footprint-generator")
    (tags capacitor)
    (path /5C3A37C8)
    (attr smd)
    (fp_text reference C108 (at -0.053617 1.59099 315) (layer F.SilkS)
      (effects (font (size 1 1) (thickness 0.15)))
    )
    (fp_text value 0.1uF (at 0 1.65 315) (layer F.Fab)
      (effects (font (size 1 1) (thickness 0.15)))
    )
    (fp_text user %R (at 0 0 315) (layer F.Fab)
      (effects (font (size 0.5 0.5) (thickness 0.08)))
    )
    (fp_line (start 1.68 0.95) (end -1.68 0.95) (layer F.CrtYd) (width 0.05))
    (fp_line (start 1.68 -0.95) (end 1.68 0.95) (layer F.CrtYd) (width 0.05))
    (fp_line (start -1.68 -0.95) (end 1.68 -0.95) (layer F.CrtYd) (width 0.05))
    (fp_line (start -1.68 0.95) (end -1.68 -0.95) (layer F.CrtYd) (width 0.05))
    (fp_line (start -0.258578 0.71) (end 0.258578 0.71) (layer F.SilkS) (width 0.12))
    (fp_line (start -0.258578 -0.71) (end 0.258578 -0.71) (layer F.SilkS) (width 0.12))
    (fp_line (start 1 0.6) (end -1 0.6) (layer F.Fab) (width 0.1))
    (fp_line (start 1 -0.6) (end 1 0.6) (layer F.Fab) (width 0.1))
    (fp_line (start -1 -0.6) (end 1 -0.6) (layer F.Fab) (width 0.1))
    (fp_line (start -1 0.6) (end -1 -0.6) (layer F.Fab) (width 0.1))
    (pad 2 smd roundrect (at 0.937501 0 315) (size 0.975 1.4) (layers F.Cu F.Paste F.Mask) (roundrect_rratio 0.25)
      (net 1 GND))
    (pad 1 smd roundrect (at -0.937501 0 315) (size 0.975 1.4) (layers F.Cu F.Paste F.Mask) (roundrect_rratio 0.25)
      (net 16 /ENC_4_B))
    (model ${KISYS3DMOD}/Capacitor_SMD.3dshapes/C_0805_2012Metric.wrl
      (at (xyz 0 0 0))
      (scale (xyz 1 1 1))
      (rotate (xyz 0 0 0))
    )
  )

  (module "Borgel Custom:LED_0603_SmallSilk" (layer F.Cu) (tedit 5C474CE7) (tstamp 5C4BDE80)
    (at 127.508 39.37 90)
    (descr "Diode SMD in 0603 package")
    (tags "smd diode")
    (path /5C313C53)
    (attr smd)
    (fp_text reference D101 (at -3.63 -0.008 90) (layer F.SilkS)
      (effects (font (size 1 1) (thickness 0.15)))
    )
    (fp_text value LED_ALT (at -3.81 0.635 -180) (layer F.Fab)
      (effects (font (size 1 1) (thickness 0.15)))
    )
    (fp_line (start -0.1 -0.2) (end -0.1 0.2) (layer F.SilkS) (width 0.08))
    (fp_line (start -0.1 0) (end 0.2 0.2) (layer F.SilkS) (width 0.08))
    (fp_line (start 0.2 -0.2) (end -0.1 0) (layer F.Fab) (width 0.15))
    (fp_line (start 0.2 0.2) (end 0.2 -0.2) (layer F.SilkS) (width 0.08))
    (fp_line (start -0.8 -0.5) (end 0.8 -0.5) (layer F.Fab) (width 0.15))
    (fp_line (start 0.8 -0.5) (end 0.8 0.5) (layer F.Fab) (width 0.15))
    (fp_line (start 0.8 0.5) (end -0.8 0.5) (layer F.Fab) (width 0.15))
    (fp_line (start -0.8 0.5) (end -0.8 -0.5) (layer F.Fab) (width 0.15))
    (fp_line (start 0.2 -0.2) (end -0.1 0) (layer F.SilkS) (width 0.08))
